0
52916
52917
52918
52919
52920
52901
52902
52903
52904
52905
52911
52912
52913
52914
52915
52896
52897
52898
52899
52900
52001
52002
52003
52004
52005
52906
52907
52908
52909
52910
10012
10001
16011
16012
10011
11108
16021
16002
16003
11501
11502
11055
11054
18062
14176
18061
11057
11058
11059
11060
11061
11063
11069
12011
12012
12013
18052
18054
12001
14174
12003
12513
12515
11056
11071
10021
10022
88890
18050
18053
18051
10023
11079
11021
14182
11127
15004
14101
14102
14103
14196
18188
11051
14171
14172
12514
18030
14173
11070
14183
15001
15501
15504
12511
12512
12516
10024
18040
18041
11114
11115
11118
11119
11120
11116
11117